100
5136279 840
3765153 3926
8645679 17004
12052914 7827
9186103 1449
4705524 11996
13347661 7952
9515497 19983
2176317 1578
10432468 9061
14538309 4429
3725020 3212
7667134 7005
469365 9033
2337005 2181
8838457 1843
2324497 19947
4647534 4976
10547701 8547
1079259 5649
9728718 3524
2833600 2774
7565411 2500
8841188 6978
10939319 8724
6265393 8235
6393387 13826
1118673 5818
25193085 17444
13679476 10621
11373650 22901
7721122 1990
6950416 6551
11111408 3404
19644364 7533
14555010 12682
5659661 8441
13521342 12916
16110148 1311
3807855 2858
5301205 8498
10405054 13291
10734252 7686
10513382 4094
8194068 5771
5718427 12940
11846576 9117
14579172 7888
9552034 5161
12344717 16128
15153187 14576
9900977 10011
6715739 12160
10527949 6694
6303528 8285
1852567 14737
1635518 430
1587293 6264
9127372 5254
13356159 6514
14192735 14216
1041557 16922
3233800 10901
6413811 3224
5996801 4023
12098120 2826
30368226 7677
6621824 6431
5898516 26259
7825016 14544
391838 11008
1388875 8993
14959193 18794
14939266 117
2916734 510
15995006 4127
17985670 3413
2033814 9209
12273375 7158
12492346 2251
10153475 14822
327645 864
7933245 930
7158128 3824
9775439 3095
1265041 5183
13124771 4200
4871191 18324
4951522 5541
16017797 7504
321387 25677
11325360 13689
2614704 4082
1296435 7710
6549085 4673
4898276 2648
11205868 5495
137524 7341
14686753 1259
5765231 7524
