99
315637 10808
12904627 3941
527656 152
3704722 1621
13089912 4135
694228 524
3396772 12394
12014673 9854
5941986 5107
6908344 11806
1385728 1388
13324784 670
6934461 2113
16695021 9199
8960519 4305
21105924 7357
8407196 25807
28308530 7737
4564690 19814
5432793 4985
852935 3324
6327326 6198
7525009 9311
5194252 829
9734298 5862
17170218 9212
21564253 21653
1053035 12069
3778025 4228
2447020 5777
1818442 8157
4764169 6153
1670775 16620
12751716 29259
15685209 7008
9599283 7662
12173250 747
12700773 5503
12332843 3477
11515337 8525
16678899 2728
4695018 16177
1166465 15395
19512261 6856
2589448 749
115040 6671
1606360 10995
11609707 11522
7888375 2291
9870320 3274
9307876 316
1387512 185
17184376 13705
5047310 3862
1809460 14578
5866062 4858
17596805 6959
11688017 7705
7532429 78
5307463 15860
21068634 928
14501926 7373
5383974 5848
15160238 4102
780633 4238
2783959 922
9953870 1507
10023802 594
20056945 1381
3157891 12370
7706817 610
10082311 419
12924975 12551
10662619 14150
5387409 5620
2977919 2271
8308697 8781
9901966 1669
16160292 497
7659665 6866
12654173 1108
3077676 1025
13104967 14616
4538362 7298
826952 432
12361805 10665
1406045 12755
1166565 4490
13208307 1337
11356501 12080
10181157 4246
7903755 5802
1707015 14190
1092890 11056
587135 8070
5878465 6800
5451963 13771
3329427 12889
3682680 3753
