17
1 2
2 4
8 16
128 256
32768 65536
2 8
128 512
33554432 134217728
2 32
2097152 33554432
128 128
1024 2048
1024 8192
2 131072
16384 524288
524288 8388608
8 536870912
17
1 2
2 4
8 16
128 256
32768 65536
2 8
128 512
33554432 134217728
16 32
16777216 33554432
8 128
128 2048
512 8192
256 131072
64 524288
1048576 8388608
512 536870912
17
1 2
1 4
4 16
64 256
16384 65536
2 8
128 512
33554432 134217728
4 32
4194304 33554432
16 128
1024 2048
2048 8192
8 131072
16384 524288
2097152 8388608
1 536870912
2
1 6
2 6
2
1 6
1 12
4
387420489 774840978
26244 3
8748 3
2125764 3