100
5523988 17383
7041411 3739
13372860 17457
7857066 9527
16032136 9108
6701428 5457
689127 7906
14868863 7874
579854 10949
6081431 11143
14817442 8068
20116578 5056
7103139 15733
5544440 12216
4168364 9893
6654892 788
16005012 928
11381975 6557
1477116 25819
10183793 1793
1098666 785
9692672 8235
4089158 404
14597874 8865
7697220 14998
15076832 407
21661112 754
11032298 14460
15621821 1527
252347 17793
9757322 1281
1293619 2730
2806865 4980
1178973 12172
2295934 8454
5693876 7000
5961065 3416
1041697 21070
10242285 275
8450914 1751
1211311 6997
9050336 358
6779062 549
9007356 10174
6267650 7664
6040429 21043
16566194 3065
18560248 6593
839012 5311
4790395 439
13110750 930
17220627 12564
14561685 6090
10900857 12396
14154455 3162
4832962 3532
11656786 14657
8682527 6876
2077877 9120
5884302 4280
8503121 8236
4175203 4902
13759967 16301
1500221 27648
5778152 3882
4269087 15314
9644144 10267
2727174 10836
4393139 6937
9952039 4388
15845618 14690
15205133 4249
687813 1447
13428245 12805
2302307 11700
3683494 11253
8182799 18415
14820286 6639
13699389 1724
7451500 435
3217047 3402
28095894 2920
12155434 5043
8970610 17364
1135642 10841
2800454 6128
1667310 9170
10962609 3877
10601824 9517
14992582 1966
582508 2898
24183011 10590
4230214 6834
6247933 5242
9010338 10328
1285820 8338
4360370 5468
5927462 1811
568215 17978
13463493 6491
47
1 3
3 3
9 3
27 3
81 3
243 3
729 3
2187 3
6561 3
19683 3
59049 3
177147 3
531441 3
1594323 3
4782969 3
14348907 3
43046721 3
129140163 3
387420489 3
3 9
27 9
243 9
2187 9
19683 9
177147 9
1594323 9
14348907 9
129140163 9
27 81
2187 81
177147 81
14348907 81
9 27
243 27
6561 27
177147 27
4782969 27
129140163 27
81 243
19683 243
4782969 243
729 2187
1594323 2187
6561 19683
129140163 19683
2187 6561
14348907 6561
74
1 2
2 2
4 2
8 2
16 2
32 2
64 2
128 2
256 2
512 2
1024 2
2048 2
4096 2
8192 2
16384 2
32768 2
65536 2
131072 2
262144 2
524288 2
1048576 2
2097152 2
4194304 2
8388608 2
16777216 2
33554432 2
67108864 2
134217728 2
268435456 2
536870912 2
1 4
4 4
16 4
64 4
256 4
1024 4
4096 4
16384 4
65536 4
262144 4
1048576 4
4194304 4
16777216 4
67108864 4
268435456 4
1 8
8 8
64 8
512 8
4096 8
32768 8
262144 8
2097152 8
16777216 8
134217728 8
4 16
64 16
1024 16
16384 16
262144 16
4194304 16
67108864 16
64 16
1024 16
16384 16
262144 16
4194304 16
67108864 16
16 32
512 32
16384 32
524288 32
16777216 32
536870912 32
71
1 2
2 2
4 2
8 2
16 2
32 2
64 2
128 2
256 2
512 2
1024 2
2048 2
4096 2
8192 2
16384 2
32768 2
65536 2
131072 2
262144 2
524288 2
1048576 2
2097152 2
4194304 2
8388608 2
16777216 2
33554432 2
67108864 2
134217728 2
268435456 2
536870912 2
2 4
8 4
32 4
128 4
512 4
2048 4
8192 4
32768 4
131072 4
524288 4
2097152 4
8388608 4
33554432 4
134217728 4
536870912 4
4 8
32 8
256 8
2048 8
16384 8
131072 8
1048576 8
8388608 8
67108864 8
536870912 8
4 32
128 32
4096 32
131072 32
4194304 32
134217728 32
8 16
128 16
2048 16
32768 16
524288 16
8388608 16
134217728 16
128 256
32768 256
8388608 256