100
9418957 4691
3127870 1485
9825893 14971
117069 20446
8533617 5047
3793789 4370
11660547 6548
12576730 6187
9041165 15587
7770713 3646
5162988 8981
5309122 23256
9023931 7029
12722035 19457
7719262 5403
15790280 2132
5085329 3561
12460635 3926
6994929 6415
5713129 2579
4001288 11085
22085500 19711
22177370 1790
13129295 3820
9305704 11701
12031532 16345
9384403 6882
3965384 10482
3632713 15363
8511994 539
2632275 8065
5792369 1806
1673332 7576
12153413 13557
2217828 4940
14541220 3007
2715794 20133
2367708 839
6877651 5096
2934137 15314
900279 14
3054238 3060
8359989 9449
17438612 2201
10646457 10993
4071742 7707
2936129 8055
3332611 8562
418619 6868
2285985 3765
11039377 2839
12527577 4721
12442665 13109
20162205 3655
4722894 18149
3118603 2240
1768261 6055
5315961 2987
2960439 24592
951506 3670
9638489 1318
8864939 303
7656789 12197
4214659 17301
4438722 14567
10098421 7089
10442156 1706
7586643 9052
4193141 12443
3371005 13035
7923182 3477
18394700 12391
14863372 14389
7183577 8835
3304343 215
993372 4203
7391083 2269
9661266 7149
12432348 5181
12537205 1562
10367522 11218
19318337 13450
4753341 3031
5265954 19
3959340 10021
7238637 4825
1819013 13876
7879769 3402
18488299 16415
5514599 11469
3254438 2555
12663454 11802
7063792 9361
4053603 2286
4747016 5389
2024425 638
6357706 8330
3381988 13795
10093885 20600
16558592 8941
