8
99
4135729 4497
2807571 12612
630966 2672
14269618 9968
3439145 18952
2933993 7619
2611284 6609
732275 4216
4271403 694
6249453 287
3764394 9218
2870449 13148
2820875 5644
6888766 16046
8790107 2564
833477 4716
17388692 7760
12674423 18187
12675814 6136
3337445 2089
18929943 9139
14428380 6426
11871141 3740
5213302 13716
14411133 16146
3885121 5394
1883007 6769
1032875 11376
5412491 4824
16034929 17380
4704955 4592
3912948 4305
8807922 6118
2746876 2788
5319044 1896
18574966 10486
16340330 2184
3703339 11522
21324652 10618
1797595 2676
13949754 4908
5382386 12985
3655652 7618
4133911 6580
3717847 9533
4154450 7317
14176515 6554
5254021 4010
2329034 5949
8783363 24319
8874927 3379
2292148 19766
20162643 11327
8777381 19461
1850489 6961
5411226 11924
3134178 3565
65313 7217
6212095 13117
11902808 3025
3027360 5397
13128049 9211
6848938 4490
8516956 4312
7612734 16447
13717091 23448
6457277 14057
5188043 13374
3169635 6362
3737453 11301
2605133 1673
19322714 126
5972321 7460
5061446 9839
2735154 4888
18294461 6747
3023605 2521
1872646 3468
9833750 11535
9559267 2227
13248061 2382
6743850 13407
17906620 11047
5246513 7241
4958892 18377
4408023 4801
8095168 3412
9219005 3413
1419491 2125
5063471 8643
797209 19338
7814774 4553
12287777 11765
16476454 6099
1860850 15344
5190685 6349
1227495 3716
4518247 5667
3198779 3123
74
1 2
2 2
4 2
8 2
16 2
32 2
64 2
128 2
256 2
512 2
1024 2
2048 2
4096 2
8192 2
16384 2
32768 2
65536 2
131072 2
262144 2
524288 2
1048576 2
2097152 2
4194304 2
8388608 2
16777216 2
33554432 2
67108864 2
134217728 2
268435456 2
536870912 2
2 4
8 4
32 4
128 4
512 4
2048 4
8192 4
32768 4
131072 4
524288 4
2097152 4
8388608 4
33554432 4
134217728 4
536870912 4
2 8
16 8
128 8
1024 8
8192 8
65536 8
524288 8
4194304 8
33554432 8
268435456 8
8 16
128 16
2048 16
32768 16
524288 16
8388608 16
134217728 16
8 32
256 32
8192 32
262144 32
8388608 32
268435456 32
128 256
32768 256
8388608 256
128 512
65536 512
33554432 512
90
1 2
2 2
4 2
8 2
16 2
32 2
64 2
128 2
256 2
512 2
1024 2
2048 2
4096 2
8192 2
16384 2
32768 2
65536 2
131072 2
262144 2
524288 2
1048576 2
2097152 2
4194304 2
8388608 2
16777216 2
33554432 2
67108864 2
134217728 2
268435456 2
536870912 2
2 4
8 4
32 4
128 4
512 4
2048 4
8192 4
32768 4
131072 4
524288 4
2097152 4
8388608 4
33554432 4
134217728 4
536870912 4
2 8
16 8
128 8
1024 8
8192 8
65536 8
524288 8
4194304 8
33554432 8
268435456 8
4 8
32 8
256 8
2048 8
16384 8
131072 8
1048576 8
8388608 8
67108864 8
536870912 8
4 32
128 32
4096 32
131072 32
4194304 32
134217728 32
8 16
128 16
2048 16
32768 16
524288 16
8388608 16
134217728 16
8 32
256 32
8192 32
262144 32
8388608 32
268435456 32
128 256
32768 256
8388608 256
128 512
65536 512
33554432 512
100
4574419 1731
9964592 9991
8812982 1522
13700790 5574
14282909 2148
5324806 10073
6354292 25738
11446582 2284
1990377 18141
1557542 877
1740723 6484
18350076 2241
8744125 8612
15295873 17915
4586523 8991
23980034 16701
7930590 10145
2714883 30082
669300 10805
8490022 11784
12496744 18803
10744873 4833
395244 6245
12277290 10777
12803008 15987
4269433 2635
12995310 19105
257503 2428
9510766 3057
10453651 18404
2911068 1529
4099923 2880
1806983 8641
1115409 527
12234666 10684
8125481 5234
4088486 9651
13763041 4964
193118 1298
5650729 15803
5721306 11857
1093775 10449
3314206 8256
4999162 12779
5337801 9432
18522238 2585
13365452 20776
13791293 255
14859790 751
14550005 778
6176963 8976
3422748 796
2023885 9017
1584348 14864
1366305 6679
3836441 5840
18802443 378
592052 2830
15489660 13087
31042583 2333
11596901 5040
18977240 2829
12724256 12273
7725144 4271
5977821 2926
13555237 4933
13611255 1138
5699081 521
8780552 25725
5978648 5195
11771321 1829
398014 13124
7171158 25650
834364 11723
15818729 6093
11427816 23958
2568274 20511
2234023 3780
18182568 2198
164323 4145
18096180 23223
8944188 5832
1089302 13507
9348117 12466
11911397 1709
5049 1012
289959 18833
19372848 26703
18044678 45
1711640 4786
497722 4442
16344881 14392
1686845 10270
1286474 10213
2859588 14953
8123698 4024
17100010 8136
1689493 13104
292685 8603
7458957 5364
71
1 2
2 2
4 2
8 2
16 2
32 2
64 2
128 2
256 2
512 2
1024 2
2048 2
4096 2
8192 2
16384 2
32768 2
65536 2
131072 2
262144 2
524288 2
1048576 2
2097152 2
4194304 2
8388608 2
16777216 2
33554432 2
67108864 2
134217728 2
268435456 2
536870912 2
2 4
8 4
32 4
128 4
512 4
2048 4
8192 4
32768 4
131072 4
524288 4
2097152 4
8388608 4
33554432 4
134217728 4
536870912 4
2 8
16 8
128 8
1024 8
8192 8
65536 8
524288 8
4194304 8
33554432 8
268435456 8
2 32
64 32
2048 32
65536 32
2097152 32
67108864 32
8 16
128 16
2048 16
32768 16
524288 16
8388608 16
134217728 16
128 256
32768 256
8388608 256
74
1 2
2 2
4 2
8 2
16 2
32 2
64 2
128 2
256 2
512 2
1024 2
2048 2
4096 2
8192 2
16384 2
32768 2
65536 2
131072 2
262144 2
524288 2
1048576 2
2097152 2
4194304 2
8388608 2
16777216 2
33554432 2
67108864 2
134217728 2
268435456 2
536870912 2
2 4
8 4
32 4
128 4
512 4
2048 4
8192 4
32768 4
131072 4
524288 4
2097152 4
8388608 4
33554432 4
134217728 4
536870912 4
2 8
16 8
128 8
1024 8
8192 8
65536 8
524288 8
4194304 8
33554432 8
268435456 8
2 32
64 32
2048 32
65536 32
2097152 32
67108864 32
8 16
128 16
2048 16
32768 16
524288 16
8388608 16
134217728 16
16 32
512 32
16384 32
524288 32
16777216 32
536870912 32
68
1 2
2 2
4 2
8 2
16 2
32 2
64 2
128 2
256 2
512 2
1024 2
2048 2
4096 2
8192 2
16384 2
32768 2
65536 2
131072 2
262144 2
524288 2
1048576 2
2097152 2
4194304 2
8388608 2
16777216 2
33554432 2
67108864 2
134217728 2
268435456 2
536870912 2
1 4
4 4
16 4
64 4
256 4
1024 4
4096 4
16384 4
65536 4
262144 4
1048576 4
4194304 4
16777216 4
67108864 4
268435456 4
2 8
16 8
128 8
1024 8
8192 8
65536 8
524288 8
4194304 8
33554432 8
268435456 8
4 16
64 16
1024 16
16384 16
262144 16
4194304 16
67108864 16
4 32
128 32
4096 32
131072 32
4194304 32
134217728 32
100
9918363 9020
5967345 1349
18668443 2304
6333676 2975
6635866 10674
16280704 6664
10477874 1890
5010479 1399
5777742 14577
451046 15082
8726691 4944
782381 14408
1312234 15864
5844533 10001
6531099 2451
11669255 977
8648215 14114
6893610 12048
7627010 2264
4553935 9276
1648585 1033
13934639 4210
454135 3592
5425817 4958
1810769 13442
5582978 10917
10187907 17694
14622490 2625
16621557 7717
3018926 3350
5363221 1313
3507136 2987
651355 1461
10504868 9577
12156495 2077
2095411 15216
8547942 19073
10502535 14405
476745 2119
12593896 8074
860644 5636
20225899 12716
1412282 3118
6859124 8368
1146534 7266
12472349 1470
1390903 9993
2284078 6353
28095858 5264
8250345 7980
8521578 3544
2365263 5094
13367076 3030
2699632 2596
3565206 1734
9143986 10942
1530068 11248
14400848 7985
5431178 706
4212869 6291
8413335 10674
5952346 804
22036720 2819
328319 5901
12629784 3359
17696254 9004
4882595 1943
25938061 4569
10689245 2941
7013940 4203
291854 15526
12770487 17424
17008916 507
20064705 7282
12165890 5604
4167089 2885
12738125 1720
6034697 5952
6758366 496
3511617 16858
1702840 5912
5500023 4350
12665681 11334
3182710 6664
12548620 20015
7923829 9043
13751665 5317
32220457 1081
23569314 5064
23163764 655
1702956 6507
4238180 3408
6507538 15072
2922016 1871
11701724 11886
7313281 13295
9674236 866
11157599 3684
253148 1267
18796830 2364