8
7
1 6
6 36
216 1296
279936 1679616
36 216
1296 7776
46656 279936
7
1 7
7 49
343 2401
823543 5764801
49 343
2401 16807
117649 823543
6
1 8
8 64
512 4096
64 512
4096 32768
262144 2097152
6
1 9
9 81
729 6561
81 729
6561 59049
531441 4782969
6
1 10
10 100
1000 10000
100 1000
10000 100000
1000000 10000000
3
1 4
2 5
4 2
39
1 4
4 4
16 4
64 4
256 4
1024 4
4096 4
16384 4
65536 4
262144 4
1048576 4
4194304 4
16777216 4
67108864 4
268435456 4
4 16
64 16
1024 16
16384 16
262144 16
4194304 16
67108864 16
64 256
16384 256
4194304 256
16384 65536
16 64
1024 64
65536 64
4194304 64
268435456 64
65536 262144
256 1024
262144 1024
268435456 1024
4096 16384
67108864 16384
1048576 4194304
16777216 67108864
32
1 5
5 5
25 5
125 5
625 5
3125 5
15625 5
78125 5
390625 5
1953125 5
9765625 5
48828125 5
244140625 5
5 25
125 25
3125 25
78125 25
1953125 25
48828125 25
125 625
78125 625
48828125 625
78125 390625
25 125
3125 125
390625 125
48828125 125
390625 1953125
625 3125
1953125 3125
15625 78125
9765625 48828125