31
1 6
6 6
36 6
216 6
1296 6
7776 6
46656 6
279936 6
1679616 6
10077696 6
60466176 6
362797056 6
6 36
216 36
7776 36
279936 36
10077696 36
362797056 36
216 1296
279936 1296
362797056 1296
279936 1679616
36 216
7776 216
1679616 216
362797056 216
1679616 10077696
1296 7776
10077696 7776
46656 279936
60466176 362797056
26
1 7
7 7
49 7
343 7
2401 7
16807 7
117649 7
823543 7
5764801 7
40353607 7
282475249 7
7 49
343 49
16807 49
823543 49
40353607 49
343 2401
823543 2401
823543 5764801
49 343
16807 343
5764801 343
5764801 40353607
2401 16807
40353607 16807
117649 823543
25
1 8
8 8
64 8
512 8
4096 8
32768 8
262144 8
2097152 8
16777216 8
134217728 8
8 64
512 64
32768 64
2097152 64
134217728 64
512 4096
2097152 4096
2097152 16777216
64 512
32768 512
16777216 512
16777216 134217728
4096 32768
134217728 32768
262144 2097152
25
1 9
9 9
81 9
729 9
6561 9
59049 9
531441 9
4782969 9
43046721 9
387420489 9
9 81
729 81
59049 81
4782969 81
387420489 81
729 6561
4782969 6561
4782969 43046721
81 729
59049 729
43046721 729
43046721 387420489
6561 59049
387420489 59049
531441 4782969
25
1 10
10 10
100 10
1000 10
10000 10
100000 10
1000000 10
10000000 10
100000000 10
1000000000 10
10 100
1000 100
100000 100
10000000 100
1000000000 100
1000 10000
10000000 10000
10000000 100000000
100 1000
100000 1000
100000000 1000
100000000 1000000000
10000 100000
1000000000 100000
1000000 10000000
17
1 2
1 4
4 16
64 256
16384 65536
1 8
64 512
16777216 134217728
16 32
16777216 33554432
16 128
2048 2048
8192 8192
4096 131072
8192 524288
256 8388608
2097152 536870912
17
1 2
2 4
8 16
128 256
32768 65536
4 8
256 512
67108864 134217728
4 32
4194304 33554432
2 128
8 2048
2 8192
2048 131072
32 524288
8192 8388608
67108864 536870912
2
1 4
2 6