8
3
387420489 774840978
26244 3
972 3
3
1 2
2 2
1 2
2
1 6
3 12
2
1 6
9 12
100
5591976 21527
3759956 19466
8074899 3696
14501270 2392
1536049 17998
9784825 1279
6864643 22439
12031613 14881
18200894 3902
6686544 39
4013874 1197
28146283 451
3552324 6372
3308864 6470
8067918 12521
5174148 5947
15119452 14438
7517685 9925
2465049 13471
5080008 2484
20820596 11878
14496978 5252
7548421 10568
13206981 1951
18103015 9853
4416697 1219
360341 12373
23790780 10739
10044229 12250
9100958 19607
4954510 10534
8150024 1321
18476779 13154
7580069 17137
6865510 4421
82818 2990
12433965 22206
11996907 10792
3544790 15620
18355076 15624
19438899 22825
23550864 2591
1749996 2582
4212807 2368
9928396 5617
9651219 11757
6185071 1762
2371460 1301
6778651 377
13026514 3826
6929713 11534
3728652 9257
4783638 825
4869716 11196
5362564 4744
10581844 4591
4715904 838
5197580 7958
5083513 9276
3187421 4291
3785373 12088
14743664 9874
3518510 18630
13715908 4333
14135794 4447
8804021 18508
15048440 13014
587780 6682
18052728 958
3487767 26499
3269622 5084
7782778 5003
2360929 1898
18234258 10889
10282754 4266
9204446 2629
4164522 4834
12293355 17633
12708172 613
9564466 6638
3215012 1528
15363869 14199
10474759 6280
7352656 10956
7549383 2379
1343145 19588
5780235 2225
18267553 13698
5114869 52
17369210 5072
11639544 16256
23428655 1159
10312573 6780
17555178 7603
4873736 12604
8182526 6648
2239303 3887
2232747 7953
5533034 5119
13886741 3249
100
5637138 10510
5841134 815
3215319 11154
15571706 7879
7279116 7818
2807281 3042
10838147 2359
11621073 9665
14991425 9171
1560518 9592
5628802 8987
12159729 2799
6708896 12066
5017191 5863
12858060 943
18978754 11145
5447399 9750
4688437 3094
1266381 2351
7735207 6398
9775043 10924
864831 1224
158540 2856
106703 8393
3557364 29303
3981019 16488
8344751 481
8699610 1300
954748 1297
15617706 5787
4986943 12321
13633342 5998
9663357 11690
6876661 130
8345007 4066
14780670 6729
12429275 285
25584179 4442
12966333 3290
7961862 7513
394142 5446
17623545 4029
5271370 20811
12399473 5486
19320120 1807
9915612 3054
13241879 4067
12776609 11517
240109 10904
5707248 8554
5594659 5490
6904946 2480
9478634 11940
15315895 9987
4035790 7379
3236718 1625
11958598 4647
6863 6566
5025610 10505
11338530 6231
11141696 5892
6820247 13480
9637305 10617
4743261 1363
737366 8007
4872542 2801
7051396 5003
15787457 8927
9356124 20240
13522779 14515
576243 3742
12559718 5769
4926230 21894
8425147 3271
15045465 452
9122771 1595
16932777 18627
327876 72
5133614 23695
10652946 21104
20616036 5120
7380811 666
24872608 8646
2073379 6079
521072 12831
1033180 11598
2564952 12044
16098865 9008
886464 21736
12604817 16060
14779233 2496
26457338 8064
7001090 9035
5491748 3270
12618000 15714
5055559 14881
4740034 5855
4624990 9484
8164664 128
5823558 12247
100
7848989 12099
17800808 17626
1387496 4115
4790878 13502
748821 6796
2415316 3143
6182536 8688
4836852 3483
7111031 2564
4283971 3512
20762952 1508
3468488 7882
14542934 10597
5875326 4190
8361252 13176
6365654 9298
17601545 9550
27833651 6508
10809619 25874
18263590 2182
11971308 4153
2094391 5246
3962310 9146
5324688 2081
2138389 8385
29742135 4318
10451059 6569
4933340 7020
3199855 2567
6120018 153
13941711 11863
29646826 12413
24006980 7641
5037227 13246
10188034 7224
12533889 12302
9853553 18356
4023958 1078
10235435 2560
9321728 5093
4793318 5394
5555439 7516
14826586 6263
7533552 7178
13926885 8887
9925174 16407
4680139 7841
6341819 8197
217468 11748
9684074 3581
11669103 7134
3764472 6827
267107 13011
6681384 4289
6138139 3745
19672963 5396
1864921 4276
5320851 5592
5339714 1935
9266059 2313
5741918 2895
1751097 9565
5424365 4500
5227826 2308
931977 3960
20249179 15546
10265784 5074
8473123 6908
17033987 10068
11298816 4390
17248132 11744
10123210 8388
15727139 29387
4762977 15492
2170939 124
20671964 3760
3602920 17226
4857593 2729
73428 16331
12576521 374
4558741 11500
4855505 8162
4769282 4476
3916661 15440
2082201 5125
11401615 1236
5711435 9361
7308203 5453
2190354 3705
2733308 3341
1430521 3087
7161302 6231
12050766 13958
76143 200
8229912 20185
2488761 8086
12721286 7868
5740891 15765
7314226 15268
11531972 13946
100
2293367 4088
1137739 5197
6016396 1095
1079795 781
7515714 14061
8666674 7236
6886598 16434
6740644 8206
7610734 10047
8598085 669
11313120 11647
17900496 3430
8422816 10998
7973473 818
3162301 9072
10450566 9068
11388377 1042
280134 10299
771947 4230
5044349 751
1868389 1937
6477848 16887
8141603 792
1659611 6301
11416560 10046
18035930 6443
3908365 8687
6270952 15780
5391363 4471
4315045 3321
1962234 22462
16258401 3054
12146619 9792
5349777 10165
7746723 9829
5628080 426
26666838 13499
7627400 7617
12743954 2333
7176028 5459
2482420 13416
2990342 1231
13988229 2354
4982903 1909
5868537 53
1472823 3196
2420190 1691
1020080 9079
6272648 12112
1427139 11017
7121345 1342
8395103 1299
15195659 18657
155802 7891
9870230 26667
10369562 2912
2650163 1666
11472806 9609
2202158 4688
3608847 10792
6732650 4202
510704 5186
3074351 3999
3214859 15368
15611881 4481
4756232 207
3714335 5093
9127211 22006
27326123 5605
4556138 6625
6627624 1267
2079971 5307
351827 363
12165949 8812
3657684 3899
3414878 3192
5086805 6626
9594912 6315
1508081 4773
667031 8519
19215885 8759
2343011 3177
7441488 13210
3557051 1972
1262350 5412
2955203 5337
1661303 2289
2802641 13485
3099674 10177
7589648 10288
10994863 19980
2469861 3423
5861402 495
3517277 2792
6078597 10198
13291541 7468
4385588 1774
2583133 9562
12353237 6544
10560198 17920
100
1138715 9370
14435740 4769
13435392 10400
20431442 14238
12810562 14928
4106674 12663
10183607 4148
3486488 12524
1109171 6052
9894675 8193
273430 22690
19211122 10201
566582 4898
1428678 6259
635695 661
1382781 15005
8122146 7924
11015749 471
10525184 3691
13776255 12035
1492206 32194
5930160 6397
4059744 10160
22209770 12989
3214279 2288
3736923 9774
884122 17522
8625527 2926
9148307 13733
373853 13252
3612830 2001
4057544 6178
6842024 5479
11633654 933
3129614 997
6421241 13525
6501640 7077
4234982 157
5926394 6292
10026190 7126
3601339 11213
1843220 11860
716450 9605
1575639 6701
353782 8728
7048327 1555
2798837 15310
1190699 6326
3277025 1975
3324675 17294
348427 5197
80955 13656
6143844 3575
1419333 8112
19868480 2433
12470004 8183
5411315 1103
192775 17392
18329127 6688
4399050 225
18400811 6519
4772790 12106
5635153 23503
12439687 7967
1960291 20893
3672284 23879
7408782 30109
7501593 13043
10031117 7703
6093570 9702
849017 1855
4342300 13355
5112605 9447
2449766 16309
2357430 5930
12463259 4584
3074854 5114
4337238 11668
2008989 11392
1654435 14137
20259279 16634
694426 10178
11043475 9434
5781918 1380
6650983 8572
4484587 8408
9016964 14615
5681439 8478
1538909 3017
1673962 2227
5696455 5389
4231193 5631
8559413 1689
12179268 24981
5902314 18721
1898066 14714
10488382 19703
11559474 12034
18362461 2401
13090809 2025