100
5351125 14262
7542638 20711
2969688 13451
15408393 6045
5668036 15210
18380599 6217
5177837 319
11451419 3689
20666909 4893
11613798 14867
6632965 15508
87015 9143
6112203 3094
6757981 13768
9098105 9946
21482008 11776
803907 2138
435194 2621
8869237 1219
6729956 161
18650691 12672
4653790 8109
6046045 5969
4241628 1141
5841479 960
7388816 11116
8627757 6839
971703 4028
3024045 2912
13379460 1511
2874592 1077
12543986 1853
3699242 1545
22078896 12771
3623603 14933
297788 13887
11960447 1089
18120246 10944
10990073 1978
11316417 7086
13012072 7628
1573643 319
2870975 2219
2945779 1340
225305 12958
17237475 22330
16147142 2580
2318821 12113
414371 16750
8940774 2807
21860803 12945
24227274 5095
4220220 4971
11696605 2577
27529899 16818
3441337 8563
16979020 4986
1429953 974
16801286 8133
1555223 20668
20594431 9771
4870265 3965
19169131 4578
1193506 17599
1734061 4124
1069442 7192
13267888 2399
9869496 463
9960901 9559
5684386 21255
14580413 3172
6278968 17859
1574963 6594
2660146 7411
3766970 15796
2116649 4073
9378234 1866
1392475 8530
2940962 4127
7518732 3570
5807003 12566
6679136 2142
3844883 3379
3644333 13377
4768895 7895
1932321 83
7149552 9984
7384893 11569
23551650 10261
16042833 14421
3041322 10736
15041247 5790
16032187 6032
12995570 12701
12406829 8605
128541 7283
9133259 8577
13845318 680
5687749 11803
1392476 8901
