100
576715 3329
13596417 408
2289220 20141
313087 9107
6332992 2925
4933473 1578
5195514 7886
9302439 16508
12645193 27829
17449195 12655
21423966 14697
10621084 6742
14395451 1394
2355148 4891
8817326 13557
931615 14359
8402487 10036
16574890 28915
580161 5398
11575951 2425
11807044 13683
1851168 1566
21203344 2758
5750965 7095
9073976 9316
20739271 4636
10882758 1937
13966598 2830
4261230 3376
15445334 1661
14162463 10170
1351149 11975
13480299 7793
6643272 36
5146991 8338
10593080 12215
2381893 9292
3475632 7629
11632821 5913
2717838 13300
8684730 5843
2626645 9117
405476 5429
8881587 6691
5161967 17782
9277460 9987
9815825 686
9051894 8260
18115459 2354
9881323 3352
9465053 4197
6915305 8895
10449462 21314
2469490 10483
2877744 14122
8994977 6155
1640769 2869
5305384 8260
7946692 351
9476212 1878
17432386 25903
10728983 1074
9177602 10472
1071684 8242
22365016 8734
7122528 6938
1696799 5303
3574999 15502
3031655 2619
13896191 1153
6814422 8525
25705755 6133
1698284 11777
934983 6053
16188009 13139
783747 5462
8750229 9894
5372709 15056
467827 20309
6699094 7237
3345933 298
9949115 4143
5915277 11963
370174 681
822971 3431
1550359 10167
10526771 11858
2226752 5015
2678932 4540
1762395 9319
1276187 1068
3277465 11498
24766401 37
4399397 7578
5889118 18911
2556602 5247
11249656 11015
10067607 3592
10588543 28600
10621868 4380
33
1 6
6 6
36 6
216 6
1296 6
7776 6
46656 6
279936 6
1679616 6
10077696 6
60466176 6
362797056 6
36 36
216 36
1296 36
7776 36
46656 36
279936 36
1679616 36
10077696 36
60466176 36
362797056 36
6 12
36 12
216 12
1296 12
7776 12
46656 12
279936 12
1679616 12
10077696 12
60466176 12
362797056 12
55
1 2
2 2
4 2
8 2
16 2
32 2
64 2
128 2
256 2
512 2
1024 2
2048 2
4096 2
8192 2
16384 2
32768 2
65536 2
131072 2
262144 2
524288 2
1048576 2
2097152 2
4194304 2
8388608 2
16777216 2
33554432 2
67108864 2
134217728 2
268435456 2
536870912 2
2 4
8 4
32 4
128 4
512 4
2048 4
8192 4
32768 4
131072 4
524288 4
2097152 4
8388608 4
33554432 4
134217728 4
536870912 4
8 16
128 16
2048 16
32768 16
524288 16
8388608 16
134217728 16
128 256
32768 256
8388608 256
96
1 2
2 2
4 2
8 2
16 2
32 2
64 2
128 2
256 2
512 2
1024 2
2048 2
4096 2
8192 2
16384 2
32768 2
65536 2
131072 2
262144 2
524288 2
1048576 2
2097152 2
4194304 2
8388608 2
16777216 2
33554432 2
67108864 2
134217728 2
268435456 2
536870912 2
1 8
8 8
64 8
512 8
4096 8
32768 8
262144 8
2097152 8
16777216 8
134217728 8
4 4
16 4
64 4
256 4
1024 4
4096 4
16384 4
65536 4
262144 4
1048576 4
4194304 4
16777216 4
67108864 4
268435456 4
16 2
32 2
64 2
128 2
256 2
512 2
1024 2
2048 2
4096 2
8192 2
16384 2
32768 2
65536 2
131072 2
262144 2
524288 2
1048576 2
2097152 2
4194304 2
8388608 2
16777216 2
33554432 2
67108864 2
134217728 2
268435456 2
536870912 2
16 32
512 32
16384 32
524288 32
16777216 32
536870912 32
64 512
32768 512
16777216 512
16 16
256 16
4096 16
65536 16
1048576 16
16777216 16
268435456 16