100
17309137 5453
4172363 7175
11856962 3472
3520188 19580
11615431 11460
14398912 4341
5345009 16155
16657088 1341
18412580 1389
2551084 16990
12882652 10309
12712896 12482
12029742 6768
1206206 7712
14870682 2123
2254149 12208
635155 8561
1156760 3559
11835444 25470
26876111 9311
12277300 12783
12884547 14248
6859353 4065
7842649 896
2925001 11539
2486386 9666
10386930 18368
2031838 4938
400365 6021
17663851 85
1733015 14974
512010 2434
1543487 12610
12077001 6941
9716112 9563
3343222 2401
25372896 6247
14065963 7546
4877594 3430
9361743 8601
9768159 8325
13193847 983
3209086 17046
6516372 5351
10839083 10595
13399568 1541
8624329 513
5723990 5703
2504143 23228
17993875 18268
10556295 11622
411310 8702
7646611 16537
3236118 12333
7225123 4724
450930 5691
7599266 12725
1539610 2402
6652768 35
15328793 1700
10786831 208
2416077 20888
20498612 4690
25962976 16454
2396403 214
14298230 4633
16844384 5853
9194402 3746
3521255 5170
14831146 6404
1774444 10544
2187945 4748
3179956 4574
2368868 4193
2756306 12116
3597414 10363
6781722 1716
241323 16278
12519001 6738
23573744 2227
2902037 3034
12157353 1255
2496380 9100
12374489 3842
1441933 16250
1695514 6530
25820797 16361
5427067 20066
6619270 2486
9782154 6214
14529566 913
3168436 6784
8396646 6397
9546277 644
17482727 10882
10408568 3211
666925 87
5917149 6650
5825685 1537
784460 13236
